Sort : 
8
12
13
14
17
17
35
41
41
56
61
62
68
80
87
87
88
93
97
104
109
111
112
116
118
118
120
126
128
147
147
150
156
163
164
164
182
183
197
198
201
204
213
220
224
224
224
225
230
232
233
235
239
245
246
249
263
270
283
284
285
285
291
295
302
323
328
333
334
338
340
343
349
355
365
371
382
384
387
390
393
394
400
401
406
406
418
420
429
434
442
446
450
451
455
459
462
464
469
470
472
474
481
487
496
496
496
503
505
508
527
539
539
554
556
567
568
569
576
578
581
582
583
584
586
590
590
590
599
611
615
620
625
626
636
636
638
638
639
647
651
651
658
664
676
678
680
680
685
690
694
696
705
706
708
710
720
727
752
757
768
773
776
792
794
797
798
810
822
823
823
824
826
827
843
846
857
862
880
881
882
896
905
910
912
915
918
921
924
935
950
961
962
980
984
985
1011
1018
1020
1020
1025
1025
1028
1032
1036
1037
1037
1039
1045
1048
1060
1060
1074
1075
1079
1083
1092
1098
1098
1102
1104
1107
1134
1136
1153
1157
1164
1179
1181
1181
1185
1186
1187
1192
1200
1203
1205
1208
1209
1209
1222
1230
1232
1233
1246
1253
1257
1262
1266
1267
1268
1270
1272
1278
1288
1303
1307
1309
1310
1311
1313
1320
1337
1341
1348
1349
1354
1356
1357
1359
1360
1366
1368
1372
1393
1396
1399
1418
1419
1420
1425
1426
1430
1432
1450
1457
1458
1467
1467
1470
1473
1479
1483
1488
1492
1495
1496
1497
1497
1497
1498
1501
1507
1510
1514
1525
1525
1530
1534
1544
1545
1558
1568
1573
1577
1580
1601
1601
1608
1610
1615
1617
1621
1624
1627
1640
1640
1640
1644
1652
1658
1661
1664
1673
1676
1677
1690
1699
1703
1711
1711
1724
1730
1732
1734
1736
1740
1741
1748
1750
1752
1753
1763
1763
1771
1771
1772
1774
1777
1777
1777
1782
1783
1791
1809
1814
1819
1820
1825
1826
1837
1840
1844
1845
1846
1846
1852
1857
1858
1879
1887
1889
1899
1905
1907
1914
1915
1918
1919
1919
1920
1920
1921
1929
1930
1931
1932
1939
1939
1941
1941
1953
1962
1965
1966
1967
1968
1968
1970
1972
1977
1979
1979
1983
1985
1993
1996
2004
2009
2015
2016
2017
2020
2024
2025
2033
2036
2047
2049
2058
2063
2073
2075
2075
2076
2082
2085
2088
2096
2096
2103
2108
2108
2109
2115
2122
2122
2127
2132
2132
2140
2153
2153
2165
2171
2172
2182
2183
2184
2184
2191
2198
2201
2205
2207
2209
2210
2212
2212
2213
2225
2226
2228
2228
2249
2251
2251
2258
2258
2262
2262
2263
2263
2264
2265
2273
2275
2289
2294
2296
2304
2304
2306
2308
2320
2327
2327
2331
2334
2338
2339
2346
2348
2349
2355
2363
2369
2379
2379
2381
2382
2382
2384
2388
2392
2399
2405
2405
2409
2422
2427
2429
2440
2440
2447
2469
2476
2479
2484
2487
2492
2499
2503
2506
2507
2507
2519
2519
2522
2522
2524
2534
2535
2536
2547
2547
2548
2555
2558
2564
2566
2576
2580
2584
2589
2589
2590
2592
2593
2594
2608
2609
2613
2615
2619
2622
2634
2635
2646
2649
2650
2667
2689
2690
2691
2693
2696
2715
2717
2721
2727
2728
2736
2736
2736
2738
2738
2739
2744
2752
2757
2759
2762
2771
2774
2787
2798
2798
2798
2801
2806
2819
2823
2833
2839
2842
2843
2845
2849
2850
2863
2864
2875
2878
2878
2881
2882
2889
2895
2899
2903
2911
2915
2919
2923
2924
2936
2938
2938
2939
2947
2964
2983
2989
2992
3006
3012
3017
3019
3023
3044
3056
3058
3065
3067
3074
3077
3083
3086
3088
3092
3095
3095
3099
3100
3102
3124
3139
3142
3142
3145
3146
3150
3151
3153
3158
3161
3166
3174
3179
3189
3204
3208
3213
3214
3227
3234
3239
3245
3246
3246
3253
3259
3260
3261
3267
3271
3283
3287
3288
3291
3300
3310
3320
3328
3331
3339
3349
3360
3361
3361
3371
3372
3380
3395
3399
3399
3400
3403
3407
3407
3409
3409
3409
3411
3417
3418
3421
3423
3423
3424
3427
3430
3443
3448
3455
3462
3472
3483
3486
3489
3491
3496
3497
3497
3497
3500
3501
3508
3512
3518
3518
3529
3536
3539
3547
3548
3559
3559
3560
3562
3565
3565
3569
3569
3572
3584
3589
3590
3594
3598
3605
3610
3620
3626
3633
3634
3636
3640
3642
3650
3651
3653
3666
3668
3690
3690
3692
3695
3703
3703
3708
3714
3715
3716
3719
3724
3725
3729
3732
3735
3741
3743
3743
3744
3745
3748
3748
3748
3750
3756
3759
3766
3782
3801
3813
3813
3818
3819
3837
3838
3843
3855
3859
3866
3884
3886
3887
3891
3894
3895
3896
3903
3913
3920
3925
3927
3932
3936
3943
3950
3957
3958
3958
3970
3977
3999
4003
4008
4012
4015
4017
4024
4024
4026
4036
4039
4043
4050
4054
4059
4059
4072
4076
4079
4109
4137
4141
4147
4150
4151
4154
4156
4159
4162
4164
4171
4172
4172
4179
4191
4191
4194
4224
4225
4229
4231
4239
4245
4247
4257
4267
4272
4275
4275
4290
4305
4316
4329
4346
4353
4353
4357
4362
4370
4378
4382
4390
4401
4402
4402
4404
4406
4409
4417
4419
4423
4426
4428
4437
4438
4438
4440
4441
4445
4450
4450
4470
4476
4479
4492
4498
4501
4502
4506
4508
4514
4514
4529
4530
4534
4541
4549
4552
4553
4553
4561
4562
4565
4574
4575
4580
4585
4586
4587
4614
4614
4617
4620
4621
4623
4637
4637
4642
4642
4647
4660
4677
4680
4681
4694
4715
4719
4720
4722
4725
4733
4734
4751
4751
4764
4765
4767
4768
4778
4793
4801
4807
4813
4822
4832
4836
4837
4850
4861
4863
4867
4872
4883
4887
4907
4909
4911
4917
4928
4934
4940
4945
4946
4953
4961
4966
4969
4986
4991
5007
5012
5013
5017
5021
5031
5037
5038
5039
5041
5059
5062
5062
5066
5070
5076
5077
5083
5084
5085
5086
5098
5099
5099
5104
5106
5110
5117
5117
5121
5128
5129
5133
5134
5137
5139
5143
5146
5147
5147
5158
5170
5178
5184
5192
5194
5198
5214
5221
5221
5231
5232
5233
5234
5238
5251
5253
5258
5266
5267
5270
5280
5280
5282
5287
5293
5297
5298
5305
5306
5307
5311
5322
5337
5339
5342
5345
5348
5357
5369
5369
5371
5371
5375
5376
5378
5379
5381
5392
5395
5400
5401
5402
5406
5407
5422
5438
5443
5446
5446
5446
5460
5463
5476
5480
5494
5497
5498
5505
5516
5519
5530
5534
5540
5543
5544
5554
5558
5563
5563
5567
5568
5573
5573
5578
5590
5594
5597
5600
5601
5601
5602
5603
5625
5626
5627
5633
5635
5636
5639
5643
5647
5652
5653
5654
5664
5677
5690
5693
5694
5701
5703
5712
5715
5715
5716
5720
5721
5724
5725
5732
5734
5738
5745
5754
5758
5760
5776
5803
5804
5805
5806
5813
5816
5819
5821
5823
5828
5832
5834
5841
5849
5849
5851
5851
5856
5856
5867
5872
5873
5876
5876
5882
5886
5891
5894
5898
5909
5910
5923
5923
5924
5925
5929
5935
5936
5938
5938
5945
5946
5950
5956
5958
5961
5962
5963
5972
5985
5996
6002
6010
6015
6015
6029
6035
6035
6039
6050
6051
6060
6073
6081
6090
6101
6103
6105
6107
6108
6112
6122
6133
6134
6136
6142
6152
6154
6157
6164
6169
6175
6186
6188
6192
6193
6201
6204
6210
6215
6218
6221
6222
6223
6232
6237
6238
6239
6239
6241
6241
6249
6263
6264
6275
6277
6283
6284
6287
6290
6295
6296
6297
6302
6305
6308
6309
6309
6317
6320
6323
6324
6327
6341
6341
6343
6348
6352
6352
6355
6357
6364
6367
6369
6373
6387
6393
6405
6424
6427
6429
6449
6450
6452
6464
6470
6477
6483
6483
6485
6491
6496
6499
6512
6519
6535
6536
6547
6547
6550
6552
6561
6571
6581
6582
6585
6586
6587
6588
6591
6596
6611
6611
6618
6623
6633
6641
6648
6652
6655
6664
6673
6676
6677
6702
6715
6729
6731
6746
6747
6748
6752
6770
6771
6775
6800
6801
6809
6823
6830
6831
6836
6837
6842
6851
6855
6856
6888
6890
6905
6908
6910
6911
6915
6915
6918
6918
6923
6928
6928
6935
6945
6951
6956
6957
6971
6979
6981
6982
6983
6985
6991
6994
6999
7001
7005
7006
7006
7014
7015
7023
7029
7031
7033
7034
7035
7036
7040
7043
7050
7053
7055
7055
7061
7065
7077
7077
7084
7094
7097
7104
7114
7114
7126
7131
7131
7136
7137
7138
7139
7141
7142
7146
7147
7148
7148
7151
7164
7167
7178
7186
7186
7186
7187
7189
7189
7189
7193
7195
7202
7218
7223
7223
7226
7227
7229
7234
7242
7243
7245
7249
7253
7253
7257
7258
7262
7264
7269
7275
7275
7277
7278
7280
7280
7281
7301
7305
7310
7318
7324
7326
7329
7336
7344
7348
7348
7349
7351
7354
7366
7371
7391
7392
7392
7398
7399
7407
7412
7420
7422
7422
7428
7434
7435
7436
7438
7445
7447
7450
7451
7461
7464
7465
7468
7468
7480
7489
7490
7512
7513
7516
7519
7519
7522
7533
7536
7549
7556
7559
7569
7575
7576
7576
7580
7591
7611
7611
7611
7615
7624
7626
7627
7650
7650
7658
7660
7664
7668
7688
7695
7696
7698
7701
7703
7709
7713
7714
7717
7719
7722
7735
7745
7745
7755
7764
7769
7771
7774
7781
7782
7783
7788
7793
7800
7800
7803
7807
7811
7815
7818
7821
7827
7842
7846
7848
7849
7850
7850
7860
7866
7870
7873
7884
7889
7889
7891
7899
7904
7906
7910
7918
7920
7933
7938
7938
7941
7947
7958
7962
7969
7969
7971
7981
7983
7983
7988
7992
8000
8001
8002
8006
8009
8009
8015
8022
8025
8030
8032
8033
8040
8045
8046
8051
8058
8065
8066
8072
8074
8075
8086
8088
8094
8101
8105
8111
8115
8131
8139
8140
8145
8157
8165
8167
8169
8170
8185
8187
8190
8192
8193
8195
8204
8205
8216
8220
8226
8239
8239
8243
8253
8267
8282
8283
8285
8287
8288
8293
8302
8302
8303
8308
8309
8309
8310
8320
8324
8324
8325
8326
8332
8333
8346
8352
8356
8382
8383
8384
8391
8395
8399
8399
8410
8415
8420
8429
8435
8437
8443
8446
8448
8448
8455
8455
8461
8468
8477
8478
8481
8485
8487
8490
8497
8498
8517
8530
8530
8542
8543
8551
8551
8554
8560
8575
8584
8587
8589
8591
8594
8598
8604
8606
8606
8609
8612
8617
8620
8621
8623
8626
8627
8633
8640
8643
8650
8656
8659
8674
8675
8676
8679
8683
8690
8699
8704
8706
8708
8710
8717
8720
8743
8743
8748
8751
8752
8760
8769
8772
8779
8780
8782
8792
8796
8799
8803
8812
8813
8817
8822
8824
8831
8832
8833
8836
8837
8840
8843
8843
8844
8848
8852
8853
8855
8861
8865
8875
8877
8881
8886
8888
8895
8899
8904
8916
8921
8925
8931
8933
8934
8938
8939
8940
8964
8965
8969
8974
8981
8993
8996
9001
9014
9016
9016
9016
9017
9024
9027
9028
9035
9038
9045
9064
9074
9079
9088
9092
9093
9094
9099
9105
9133
9138
9146
9171
9175
9181
9182
9187
9189
9190
9194
9195
9204
9211
9223
9226
9245
9256
9258
9263
9270
9284
9287
9288
9292
9293
9299
9304
9314
9327
9332
9351
9355
9363
9364
9368
9381
9384
9395
9403
9404
9404
9408
9410
9415
9425
9430
9439
9443
9443
9444
9446
9452
9457
9475
9482
9502
9506
9506
9509
9510
9514
9515
9521
9527
9540
9542
9543
9547
9552
9558
9562
9570
9570
9572
9574
9577
9596
9608
9609
9611
9612
9617
9619
9622
9626
9628
9633
9633
9638
9641
9646
9657
9673
9674
9676
9678
9680
9681
9681
9697
9698
9706
9708
9710
9711
9718
9719
9721
9724
9727
9733
9737
9750
9753
9767
9773
9778
9783
9788
9792
9793
9796
9797
9805
9817
9833
9836
9843
9847
9862
9866
9869
9874
9879
9881
9884
9887
9889
9890
9901
9902
9905
9906
9907
9915
9927
9930
9931
9931
9932
9944
9946
9953
9953
9954
9956
9956
9958
9967
9972
9981
9983
10000
10011
10024
10027
10042
10049
10057
10065
10069
10070
10079
10089
10093
10094
10099
10106
10106
10109
10111
10114
10117
10117
10117
10120
10121
10121
10122
10127
10136
10137
10140
10140
10147
10149
10160
10161
10165
10174
10176
10189
10194
10201
10204
10204
10210
10219
10220
10224
10225
10226
10243
10246
10260
10262
10262
10268
10270
10271
10277
10279
10291
10292
10293
10305
10308
10310
10320
10332
10333
10337
10339
10342
10347
10365
10372
10375
10391
10392
10392
10397
10402
10407
10415
10417
10451
10451
10452
10452
10454
10459
10471
10472
10478
10485
10489
10492
10496
10507
10508
10514
10517
10524
10525
10527
10533
10539
10542
10544
10556
10557
10562
10566
10577
10578
10583
10586
10595
10605
10610
10611
10631
10633
10641
10672
10679
10714
10715
10726
10729
10730
10742
10743
10753
10759
10774
10775
10777
10790
10792
10794
10796
10797
10797
10797
10801
10804
10805
10805
10807
10810
10838
10843
10851
10852
10855
10857
10871
10877
10878
10879
10883
10884
10909
10914
10921
10930
10937
10941
10942
10942
10951
10959
10961
10963
10963
10973
10975
10976
10978
10979
10986
10999
10999
11002
11009
11009
11013
11020
11021
11022
11028
11030
11033
11034
11039
11047
11047
11057
11071
11074
11076
11083
11089
11090
11092
11106
11110
11112
11117
11139
11154
11155
11155
11158
11159
11160
11161
11161
11162
11164
11172
11172
11181
11184
11185
11186
11189
11193
11193
11197
11202
11203
11218
11218
11219
11221
11225
11231
11242
11247
11251
11255
11263
11264
11279
11284
11284
11288
11290
11297
11299
11301
11310
11312
11322
11322
11327
11327
11334
11337
11343
11343
11344
11348
11353
11354
11355
11366
11367
11379
11402
11403
11404
11417
11417
11425
11427
11436
11437
11441
11447
11457
11463
11463
11467
11467
11472
11475
11475
11477
11478
11479
11480
11491
11493
11502
11509
11517
11521
11521
11535
11542
11556
11556
11562
11577
11583
11584
11589
11589
11592
11609
11609
11620
11620
11621
11625
11630
11638
11645
11651
11651
11652
11654
11655
11662
11663
11664
11674
11675
11678
11688
11691
11692
11698
11705
11707
11709
11711
11711
11714
11721
11739
11743
11744
11745
11745
11747
11757
11760
11768
11769
11779
11787
11789
11802
11818
11819
11821
11822
11828
11829
11834
11849
11856
11858
11859
11868
11875
11877
11904
11908
11916
11926
11935
11937
11938
11943
11943
11949
11953
11953
11953
11954
11958
11958
11962
11969
11973
11973
11984
11990
11993
11998
11999
12004
12011
12015
12021
12024
12027
12036
12037
12039
12042
12044
12044
12044
12058
12060
12060
12062
12065
12070
12071
12079
12085
12095
12096
12106
12113
12123
12127
12129
12130
12134
12160
12162
12164
12174
12176
12182
12186
12190
12193
12196
12206
12215
12217
12220
12222
12225
12232
12234
12235
12235
12242
12246
12250
12251
12252
12266
12269
12271
12271
12276
12278
12278
12279
12285
12291
12293
12293
12295
12310
12315
12316
12321
12322
12322
12323
12326
12327
12327
12329
12334
12337
12343
12345
12345
12352
12355
12359
12359
12367
12380
12381
12385
12385
12388
12394
12400
12409
12410
12419
12424
12443
12450
12453
12455
12458
12462
12483
12486
12487
12489
12498
12501
12504
12504
12506
12507
12509
12518
12533
12535
12541
12543
12548
12555
12560
12562
12566
12569
12571
12577
12583
12586
12589
12590
12599
12599
12612
12616
12618
12630
12632
12639
12645
12645
12648
12649
12666
12677
12682
12703
12705
12708
12714
12727
12731
12733
12734
12736
12736
12752
12761
12768
12786
12788
12790
12794
12795
12795
12802
12802
12810
12821
12823
12829
12837
12839
12845
12856
12860
12867
12873
12878
12880
12889
12896
12901
12902
12911
12916
12924
12925
12926
12927
12940
12946
12947
12949
12956
12959
12962
12987
12988
12992
12996
13013
13018
13025
13026
13032
13033
13034
13039
13044
13056
13060
13061
13064
13065
13071
13075
13076
13078
13084
13087
13087
13090
13100
13112
13112
13115
13115
13121
13121
13123
13137
13139
13158
13159
13169
13172
13178
13180
13181
13187
13190
13198
13200
13224
13225
13234
13244
13244
13248
13261
13267
13270
13271
13277
13277
13289
13298
13306
13306
13307
13309
13319
13321
13323
13325
13335
13338
13342
13356
13365
13366
13370
13372
13382
13382
13383
13393
13396
13405
13408
13409
13414
13420
13420
13421
13423
13427
13442
13451
13455
13464
13468
13468
13470
13479
13485
13499
13502
13507
13522
13525
13529
13535
13535
13543
13547
13549
13550
13553
13555
13556
13571
13571
13573
13576
13579
13584
13584
13585
13591
13597
13606
13607
13611
13627
13627
13629
13636
13647
13655
13659
13659
13670
13672
13697
13700
13704
13716
13725
13732
13733
13734
13748
13757
13758
13759
13767
13768
13776
13786
13787
13789
13791
13793
13800
13804
13807
13807
13812
13813
13819
13836
13843
13849
13853
13857
13859
13862
13875
13883
13886
13892
13895
13911
13921
13921
13928
13937
13951
13961
13962
13963
13969
13970
13974
13975
13976
13985
13995
14005
14006
14008
14020
14020
14021
14025
14027
14028
14030
14031
14033
14035
14037
14038
14050
14056
14056
14059
14060
14067
14070
14070
14071
14078
14084
14118
14122
14128
14156
14163
14171
14180
14186
14189
14191
14193
14196
14196
14197
14202
14208
14210
14215
14218
14218
14222
14231
14235
14235
14240
14244
14259
14265
14266
14268
14279
14283
14285
14285
14288
14290
14305
14306
14306
14310
14312
14322
14329
14333
14347
14348
14356
14357
14359
14364
14371
14379
14390
14398
14402
14411
14420
14449
14459
14465
14470
14476
14484
14488
14489
14491
14494
14494
14505
14505
14507
14515
14520
14524
14526
14528
14539
14544
14547
14555
14562
14572
14573
14576
14579
14604
14607
14614
14619
14620
14628
14647
14652
14653
14653
14656
14659
14667
14670
14672
14677
14678
14679
14681
14684
14690
14702
14705
14722
14723
14726
14729
14745
14753
14753
14758
14761
14777
14790
14790
14793
14799
14801
14813
14821
14843
14846
14847
14854
14868
14882
14884
14887
14888
14895
14909
14911
14916
14916
14929
14957
14963
14965
14972
14975
14978
14983
14993
15005
15007
15011
15013
15017
15028
15028
15031
15033
15036
15045
15050
15068
15093
15095
15100
15111
15112
15116
15120
15127
15135
15143
15145
15149
15152
15156
15163
15165
15169
15171
15185
15199
15201
15208
15211
15214
15216
15225
15231
15231
15249
15251
15254
15257
15263
15263
15266
15266
15271
15274
15275
15278
15278
15293
15294
15296
15296
15301
15303
15303
15331
15332
15335
15345
15352
15366
15366
15372
15380
15397
15399
15400
15416
15419
15422
15423
15428
15434
15437
15439
15440
15441
15445
15445
15449
15454
15465
15468
15471
15483
15485
15501
15505
15508
15515
15518
15521
15539
15539
15540
15540
15549
15551
15555
15560
15561
15567
15572
15582
15591
15599
15600
15608
15611
15617
15622
15623
15623
15625
15625
15635
15637
15647
15676
15683
15687
15687
15692
15697
15699
15703
15706
15712
15715
15715
15721
15726
15727
15730
15758
15761
15762
15766
15768
15775
15785
15796
15801
15826
15830
15831
15832
15837
15837
15839
15840
15844
15848
15848
15852
15853
15872
15874
15877
15887
15887
15888
15893
15903
15909
15913
15919
15933
15941
15944
15959
15965
15965
15966
15969
15972
15973
15989
15991
15996
15998
16001
16005
16009
16011
16012
16013
16062
16063
16068
16069
16071
16075
16080
16080
16085
16086
16087
16088
16090
16093
16108
16128
16136
16143
16144
16144
16156
16159
16166
16171
16172
16184
16188
16200
16205
16208
16210
16213
16215
16225
16229
16238
16245
16251
16252
16255
16255
16258
16261
16273
16275
16298
16298
16304
16305
16310
16310
16313
16317
16318
16320
16326
16328
16330
16336
16338
16340
16341
16360
16366
16366
16371
16372
16374
16374
16376
16377
16380
16382
16383
16385
16386
16386
16397
16406
16413
16422
16429
16430
16437
16439
16440
16441
16443
16444
16448
16454
16459
16462
16466
16470
16479
16487
16492
16496
16499
16499
16504
16509
16529
16530
16531
16533
16538
16539
16542
16549
16552
16556
16562
16570
16572
16573
16578
16582
16587
16588
16589
16591
16592
16603
16603
16607
16617
16618
16628
16639
16646
16651
16664
16673
16690
16691
16699
16704
16706
16717
16723
16723
16730
16751
16755
16772
16775
16781
16783
16785
16791
16792
16808
16820
16827
16837
16838
16843
16843
16843
16850
16854
16856
16863
16868
16876
16881
16881
16885
16888
16894
16897
16910
16911
16919
16924
16925
16929
16969
16972
16975
16978
16979
16983
16984
16985
17003
17010
17011
17015
17019
17025
17030
17031
17063
17065
17072
17072
17083
17091
17095
17099
17100
17102
17103
17106
17119
17126
17126
17128
17136
17138
17138
17139
17143
17154
17162
17165
17169
17183
17185
17190
17207
17209
17209
17220
17220
17224
17227
17227
17229
17230
17230
17233
17240
17241
17247
17248
17250
17250
17255
17270
17286
17294
17298
17302
17304
17310
17317
17323
17329
17330
17335
17335
17336
17339
17347
17352
17357
17361
17362
17364
17368
17370
17404
17405
17407
17408
17423
17440
17441
17460
17462
17471
17474
17491
17502
17509
17521
17522
17526
17529
17541
17548
17559
17563
17583
17592
17594
17597
17608
17608
17613
17617
17625
17630
17637
17639
17646
17648
17650
17654
17655
17657
17669
17681
17696
17696
17702
17717
17719
17725
17727
17730
17733
17737
17740
17740
17760
17760
17766
17769
17773
17783
17785
17789
17795
17801
17815
17820
17831
17834
17838
17840
17846
17851
17866
17873
17875
17876
17877
17878
17881
17884
17889
17917
17918
17924
17933
17935
17937
17944
17947
17959
17960
17974
17975
17977
17979
17982
17985
17991
18001
18001
18002
18004
18010
18016
18021
18026
18027
18028
18030
18033
18035
18042
18045
18047
18056
18057
18069
18069
18070
18077
18078
18091
18101
18109
18114
18120
18129
18135
18145
18156
18161
18163
18163
18167
18171
18178
18178
18180
18181
18183
18188
18198
18198
18207
18212
18213
18214
18216
18220
18234
18236
18242
18255
18255
18257
18258
18276
18286
18288
18291
18302
18303
18307
18308
18314
18315
18318
18325
18329
18332
18333
18343
18355
18360
18361
18362
18366
18370
18373
18377
18381
18386
18400
18401
18405
18405
18410
18419
18428
18434
18453
18455
18460
18461
18463
18464
18471
18472
18473
18478
18479
18486
18487
18488
18501
18507
18513
18513
18527
18535
18544
18546
18549
18551
18556
18557
18564
18567
18570
18576
18579
18586
18592
18592
18593
18595
18607
18610
18633
18633
18634
18638
18640
18649
18658
18668
18670
18672
18678
18679
18683
18684
18687
18689
18691
18691
18694
18695
18716
18719
18720
18726
18729
18732
18735
18739
18739
18741
18743
18756
18760
18762
18765
18768
18769
18774
18774
18782
18786
18799
18801
18802
18804
18804
18804
18809
18811
18819
18820
18825
18826
18827
18835
18847
18847
18851
18851
18853
18854
18858
18871
18876
18877
18878
18879
18885
18888
18894
18896
18898
18927
18933
18933
18950
18951
18953
18956
18959
18979
18983
18986
18987
18997
19002
19006
19008
19009
19018
19039
19043
19047
19048
19061
19065
19065
19068
19083
19084
19084
19084
19096
19102
19108
19116
19125
19127
19132
19146
19152
19159
19162
19171
19176
19177
19180
19183
19185
19188
19190
19201
19205
19210
19212
19213
19216
19220
19226
19227
19238
19248
19253
19253
19256
19263
19263
19265
19273
19277
19278
19281
19287
19288
19294
19295
19299
19300
19309
19314
19317
19325
19333
19334
19335
19336
19344
19344
19345
19349
19352
19359
19360
19363
19370
19372
19379
19383
19383
19386
19390
19390
19391
19407
19408
19408
19410
19410
19421
19423
19433
19447
19448
19450
19452
19453
19454
19474
19489
19497
19501
19505
19506
19514
19515
19518
19522
19528
19529
19533
19538
19539
19541
19542
19543
19549
19552
19555
19562
19562
19572
19595
19598
19599
19602
19608
19610
19615
19623
19629
19633
19638
19639
19646
19647
19652
19654
19657
19662
19665
19667
19668
19675
19688
19704
19709
19709
19711
19718
19718
19722
19731
19753
19763
19763
19765
19784
19785
19791
19792
19794
19800
19801
19805
19805
19811
19814
19816
19824
19836
19838
19839
19841
19856
19862
19862
19863
19868
19870
19870
19875
19880
19881
19882
19885
19887
19900
19901
19906
19911
19917
19924
19934
19937
19937
19939
19946
19947
19947
19949
19950
19954
19954
19955
19961
19963
19965
19976
19976
19988
19990
19993
19994
20000
20005
20007
20009
20023
20027
20027
20035
20040
20042
20044
20058
20058
20060
20062
20070
20071
20081
20084
20086
20088
20092
20104
20105
20106
20112
20113
20114
20115
20116
20121
20123
20126
20131
20133
20134
20137
20137
20138
20139
20148
20155
20156
20169
20184
20185
20196
20200
20208
20221
20228
20230
20233
20245
20249
20252
20260
20262
20275
20277
20282
20288
20292
20300
20301
20305
20306
20308
20310
20313
20321
20321
20323
20323
20326
20333
20342
20347
20348
20352
20356
20356
20370
20376
20376
20378
20392
20394
20394
20406
20413
20415
20418
20422
20428
20429
20431
20437
20442
20448
20451
20464
20469
20474
20477
20479
20480
20481
20484
20488
20496
20497
20499
20502
20502
20503
20504
20511
20512
20518
20520
20531
20557
20565
20572
20580
20586
20594
20595
20595
20599
20601
20614
20616
20622
20626
20627
20631
20632
20643
20643
20652
20657
20663
20666
20669
20679
20686
20689
20694
20695
20699
20707
20710
20719
20724
20725
20728
20730
20734
20759
20764
20771
20776
20777
20780
20781
20785
20787
20796
20797
20799
20799
20812
20817
20824
20827
20827
20828
20831
20833
20835
20842
20857
20859
20861
20869
20871
20873
20877
20880
20881
20889
20892
20894
20894
20901
20907
20916
20920
20924
20925
20933
20935
20939
20947
20948
20949
20951
20955
20965
20968
20971
20977
20978
20984
20984
20998
21025
21033
21036
21044
21045
21045
21048
21052
21052
21065
21067
21072
21085
21097
21099
21100
21115
21116
21117
21118
21128
21139
21152
21168
21169
21180
21186
21191
21193
21193
21199
21211
21217
21218
21222
21223
21229
21229
21230
21254
21256
21258
21259
21267
21269
21271
21273
21273
21285
21286
21288
21288
21295
21299
21300
21303
21305
21312
21320
21331
21332
21335
21337
21338
21345
21352
21353
21353
21354
21355
21357
21358
21359
21369
21370
21372
21377
21379
21383
21387
21391
21391
21396
21398
21407
21410
21412
21416
21424
21426
21426
21443
21456
21461
21465
21466
21473
21475
21482
21490
21492
21492
21495
21495
21496
21497
21513
21514
21525
21530
21531
21533
21540
21543
21545
21553
21556
21565
21570
21571
21582
21606
21608
21612
21613
21614
21615
21616
21618
21630
21640
21641
21645
21646
21651
21665
21672
21673
21675
21677
21679
21685
21689
21690
21694
21703
21707
21707
21713
21713
21715
21720
21747
21757
21762
21762
21779
21788
21791
21794
21798
21800
21802
21805
21819
21820
21820
21828
21829
21832
21832
21838
21844
21852
21852
21856
21862
21867
21868
21873
21874
21877
21883
21885
21887
21888
21889
21897
21897
21899
21906
21923
21926
21926
21935
21937
21942
21943
21943
21951
21960
21971
21972
21978
21980
21982
21987
21989
21994
22000
22000
22006
22013
22018
22028
22028
22030
22035
22044
22072
22075
22079
22080
22083
22086
22089
22097
22111
22129
22134
22138
22140
22169
22174
22188
22199
22202
22205
22210
22210
22224
22228
22236
22238
22244
22252
22269
22271
22271
22272
22276
22283
22286
22287
22287
22293
22296
22310
22310
22317
22318
22327
22342
22343
22353
22360
22361
22373
22376
22379
22380
22380
22384
22385
22389
22393
22397
22399
22406
22407
22412
22418
22426
22431
22434
22437
22456
22462
22463
22464
22466
22471
22477
22484
22485
22504
22507
22508
22511
22512
22517
22530
22531
22532
22532
22551
22557
22562
22564
22567
22568
22571
22577
22581
22584
22584
22595
22596
22596
22605
22607
22608
22617
22629
22635
22638
22639
22640
22641
22648
22648
22650
22652
22655
22661
22661
22669
22670
22675
22676
22695
22704
22712
22725
22733
22734
22743
22752
22752
22757
22764
22768
22775
22777
22782
22795
22810
22810
22811
22812
22814
22823
22837
22865
22869
22878
22885
22895
22898
22899
22916
22918
22920
22921
22925
22930
22932
22933
22936
22938
22939
22943
22945
22971
22973
22975
22976
22978
22982
22987
22994
22997
23001
23011
23012
23013
23021
23021
23035
23063
23064
23064
23071
23071
23076
23080
23088
23089
23102
23105
23109
23133
23147
23149
23157
23176
23179
23190
23192
23202
23204
23205
23206
23221
23222
23223
23224
23227
23228
23234
23242
23243
23251
23257
23261
23262
23264
23266
23269
23270
23278
23279
23287
23300
23301
23306
23309
23309
23314
23315
23320
23324
23331
23347
23354
23358
23360
23370
23373
23381
23384
23391
23400
23406
23409
23410
23411
23415
23419
23420
23421
23423
23427
23431
23439
23462
23468
23474
23476
23479
23483
23490
23495
23507
23512
23514
23519
23521
23521
23523
23525
23526
23526
23529
23532
23548
23558
23559
23564
23568
23574
23575
23575
23577
23578
23581
23583
23586
23589
23590
23590
23594
23594
23599
23599
23608
23610
23612
23617
23624
23629
23632
23632
23639
23646
23647
23658
23658
23660
23668
23668
23671
23671
23679
23681
23683
23691
23692
23701
23704
23705
23708
23719
23720
23730
23730
23733
23733
23736
23737
23738
23748
23759
23762
23773
23797
23802
23802
23807
23808
23811
23811
23817
23819
23835
23844
23849
23850
23854
23855
23857
23860
23862
23866
23867
23867
23878
23887
23887
23893
23893
23903
23908
23926
23929
23931
23933
23933
23939
23941
23945
23949
23951
23957
23959
23969
23969
23984
23985
23992
24008
24011
24017
24021
24023
24033
24045
24045
24054
24062
24064
24065
24065
24065
24069
24069
24075
24080
24093
24095
24118
24123
24128
24133
24142
24142
24144
24144
24148
24148
24151
24157
24157
24167
24175
24183
24184
24189
24189
24205
24205
24205
24207
24208
24220
24225
24229
24230
24231
24232
24239
24240
24244
24250
24252
24266
24267
24271
24272
24276
24277
24279
24287
24297
24299
24305
24312
24328
24329
24332
24333
24333
24338
24347
24347
24352
24352
24352
24357
24360
24363
24364
24370
24372
24372
24373
24377
24384
24384
24389
24401
24409
24409
24428
24429
24432
24433
24434
24443
24445
24451
24468
24475
24483
24488
24493
24499
24502
24502
24509
24513
24515
24527
24535
24547
24551
24552
24553
24561
24565
24590
24599
24613
24616
24618
24619
24624
24652
24678
24683
24686
24688
24694
24699
24705
24718
24727
24727
24739
24741
24745
24762
24765
24765
24767
24780
24781
24786
24788
24789
24794
24797
24803
24805
24809
24814
24818
24821
24825
24827
24827
24829
24836
24836
24837
24838
24843
24844
24846
24848
24869
24887
24890
24892
24895
24912
24914
24916
24920
24922
24922
24935
24940
24946
24952
24953
24959
24963
24964
24971
24974
24977
24986
25000
25001
25011
25013
25014
25015
25020
25023
25024
25024
25028
25028
25035
25036
25037
25040
25044
25044
25044
25049
25054
25065
25081
25083
25091
25094
25100
25100
25102
25108
25109
25113
25116
25116
25123
25126
25131
25135
25136
25137
25137
25142
25149
25149
25156
25162
25164
25173
25173
25185
25196
25196
25201
25201
25205
25215
25216
25218
25229
25231
25239
25241
25248
25254
25254
25268
25268
25281
25292
25297
25299
25299
25299
25299
25302
25310
25311
25312
25314
25316
25317
25319
25329
25334
25341
25342
25351
25355
25357
25358
25358
25361
25361
25364
25364
25367
25368
25370
25376
25378
25379
25386
25386
25391
25397
25398
25404
25405
25418
25419
25437
25438
25439
25444
25449
25459
25459
25461
25463
25463
25471
25485
25490
25491
25492
25495
25498
25498
25506
25509
25522
25530
25531
25544
25546
25552
25552
25560
25564
25578
25579
25581
25582
25586
25589
25591
25600
25605
25626
25632
25640
25641
25641
25644
25645
25661
25670
25676
25693
25698
25707
25710
25713
25724
25728
25736
25737
25741
25743
25760
25762
25762
25768
25783
25784
25791
25794
25796
25797
25805
25806
25808
25809
25809
25822
25834
25848
25851
25855
25859
25864
25891
25893
25914
25922
25923
25934
25948
25951
25958
25968
25972
25977
25981
25989
25990
25996
25996
26001
26015
26017
26018
26022
26025
26029
26037
26037
26039
26039
26040
26055
26055
26055
26058
26063
26068
26085
26090
26092
26094
26096
26105
26106
26109
26111
26112
26121
26125
26134
26135
26140
26146
26156
26156
26167
26178
26187
26188
26193
26195
26197
26219
26224
26233
26238
26252
26253
26253
26254
26255
26256
26264
26266
26272
26276
26278
26286
26286
26287
26289
26298
26305
26310
26315
26316
26317
26318
26325
26328
26329
26338
26349
26352
26367
26367
26372
26372
26375
26376
26378
26385
26390
26401
26402
26403
26404
26408
26408
26416
26423
26423
26426
26434
26437
26450
26454
26468
26470
26471
26474
26479
26484
26493
26496
26499
26500
26505
26517
26528
26529
26532
26533
26534
26535
26540
26542
26553
26557
26563
26577
26578
26585
26590
26594
26595
26606
26609
26613
26617
26628
26629
26636
26637
26640
26642
26657
26658
26660
26663
26669
26675
26677
26684
26692
26703
26711
26725
26730
26732
26735
26741
26756
26762
26768
26774
26775
26775
26779
26780
26784
26784
26785
26797
26802
26803
26806
26809
26814
26822
26825
26827
26830
26830
26832
26835
26837
26841
26845
26847
26854
26859
26867
26873
26878
26880
26884
26885
26891
26894
26895
26907
26919
26925
26929
26929
26931
26943
26964
26971
26978
26981
26981
27001
27007
27009
27010
27016
27017
27030
27044
27045
27047
27048
27059
27065
27068
27069
27070
27073
27074
27080
27083
27084
27086
27096
27098
27098
27124
27127
27139
27141
27147
27150
27151
27152
27167
27169
27171
27176
27195
27197
27204
27212
27217
27217
27218
27232
27234
27234
27237
27238
27239
27241
27243
27243
27245
27251
27253
27266
27272
27279
27284
27287
27290
27292
27294
27295
27300
27301
27303
27305
27305
27307
27310
27324
27333
27334
27337
27338
27344
27351
27353
27353
27360
27365
27366
27367
27368
27368
27369
27374
27418
27424
27438
27441
27445
27447
27454
27460
27469
27478
27483
27486
27493
27494
27497
27497
27498
27501
27511
27512
27527
27532
27537
27539
27542
27555
27556
27562
27572
27579
27585
27587
27588
27617
27618
27618
27627
27633
27638
27645
27650
27660
27661
27661
27663
27671
27675
27680
27686
27688
27689
27692
27696
27701
27701
27708
27714
27716
27725
27732
27733
27748
27750
27752
27754
27761
27761
27761
27772
27773
27780
27787
27788
27803
27813
27814
27815
27822
27825
27829
27830
27841
27842
27849
27859
27861
27866
27869
27872
27873
27873
27873
27876
27878
27893
27900
27902
27906
27911
27911
27916
27921
27924
27931
27935
27941
27941
27943
27946
27947
27960
27964
27974
27979
27981
27990
27998
28003
28013
28015
28027
28031
28032
28035
28044
28049
28057
28058
28075
28076
28080
28081
28085
28087
28091
28092
28092
28092
28097
28102
28104
28105
28114
28115
28122
28122
28123
28127
28133
28134
28137
28140
28146
28148
28151
28159
28163
28163
28165
28169
28178
28183
28183
28186
28193
28198
28202
28204
28205
28206
28207
28208
28214
28215
28219
28220
28226
28232
28232
28233
28243
28251
28255
28259
28259
28263
28265
28265
28267
28276
28276
28277
28280
28282
28288
28289
28289
28289
28309
28313
28317
28321
28322
28323
28336
28338
28344
28351
28352
28354
28360
28361
28364
28366
28370
28379
28387
28387
28393
28404
28411
28413
28415
28447
28449
28450
28454
28475
28477
28491
28494
28495
28499
28500
28504
28508
28508
28512
28512
28515
28517
28524
28533
28537
28540
28544
28547
28551
28556
28562
28564
28566
28570
28572
28590
28598
28599
28599
28608
28616
28617
28621
28623
28629
28633
28639
28650
28659
28661
28665
28669
28671
28679
28683
28692
28699
28704
28704
28707
28711
28712
28712
28713
28716
28737
28739
28748
28752
28754
28761
28761
28768
28772
28773
28792
28802
28825
28838
28841
28842
28843
28843
28859
28863
28864
28866
28875
28878
28879
28880
28885
28890
28894
28898
28912
28916
28918
28929
28934
28942
28957
28957
28959
28968
28976
28985
28985
28994
28997
29004
29007
29008
29012
29028
29032
29035
29038
29041
29043
29046
29073
29076
29078
29084
29095
29097
29100
29101
29103
29113
29114
29120
29135
29149
29172
29173
29177
29180
29182
29188
29198
29198
29199
29201
29207
29214
29222
29223
29223
29235
29236
29239
29242
29248
29249
29255
29266
29269
29272
29272
29274
29274
29288
29290
29301
29317
29322
29325
29336
29341
29343
29348
29356
29360
29367
29375
29389
29391
29399
29403
29409
29411
29414
29415
29417
29420
29420
29421
29424
29428
29432
29432
29436
29449
29450
29453
29458
29459
29467
29472
29473
29473
29475
29478
29480
29481
29481
29481
29489
29498
29502
29505
29519
29533
29534
29546
29555
29557
29560
29566
29574
29584
29586
29587
29592
29594
29596
29608
29611
29622
29628
29647
29658
29668
29689
29690
29699
29711
29715
29728
29732
29738
29738
29742
29746
29751
29752
29765
29765
29767
29779
29779
29780
29783
29787
29789
29790
29792
29794
29794
29797
29802
29804
29811
29813
29815
29819
29824
29829
29837
29849
29850
29856
29858
29860
29866
29866
29873
29876
29877
29889
29891
29894
29896
29902
29911
29914
29915
29934
29934
29938
29942
29945
29947
29952
29968
29968
29977
29979
29979
29981
29982
29987
30000
30004
30005
30009
30011
30021
30022
30029
30029
30031
30041
30042
30044
30045
30047
30047
30048
30050
30052
30060
30069
30073
30074
30078
30082
30082
30082
30089
30089
30091
30092
30109
30110
30110
30116
30126
30126
30127
30135
30143
30148
30148
30162
30167
30170
30172
30185
30185
30186
30186
30189
30192
30197
30199
30203
30204
30204
30208
30214
30216
30218
30226
30229
30243
30243
30258
30261
30265
30266
30273
30278
30299
30300
30304
30313
30318
30321
30330
30335
30350
30353
30363
30378
30396
30397
30399
30400
30401
30404
30414
30417
30417
30418
30428
30437
30442
30446
30457
30459
30460
30460
30483
30487
30492
30493
30493
30496
30512
30516
30517
30518
30540
30542
30548
30561
30562
30562
30564
30568
30588
30590
30595
30596
30605
30610
30613
30614
30617
30626
30628
30631
30638
30641
30644
30645
30647
30657
30660
30666
30670
30670
30672
30679
30679
30680
30681
30686
30693
30695
30697
30702
30717
30724
30728
30729
30736
30738
30748
30752
30755
30778
30779
30783
30800
30801
30802
30804
30804
30812
30819
30821
30828
30829
30841
30842
30848
30849
30853
30858
30862
30863
30863
30874
30879
30882
30887
30894
30896
30902
30903
30906
30910
30911
30912
30913
30924
30948
30951
30953
30956
30960
30971
30977
30982
30989
30994
30995
31023
31025
31028
31028
31029
31031
31033
31033
31036
31042
31050
31059
31060
31064
31067
31072
31073
31074
31075
31077
31078
31081
31099
31101
31104
31120
31124
31127
31132
31137
31149
31150
31151
31151
31157
31161
31169
31176
31180
31180
31187
31198
31205
31208
31209
31216
31222
31223
31226
31227
31233
31242
31242
31242
31244
31249
31255
31257
31260
31266
31295
31295
31295
31299
31299
31303
31305
31306
31315
31324
31324
31325
31336
31338
31339
31342
31347
31351
31355
31360
31366
31377
31392
31415
31419
31420
31428
31430
31433
31437
31447
31463
31463
31466
31466
31470
31471
31480
31480
31483
31490
31500
31504
31516
31519
31530
31535
31537
31546
31547
31552
31552
31553
31559
31560
31562
31567
31567
31576
31580
31585
31587
31590
31599
31607
31610
31615
31620
31621
31621
31638
31641
31641
31645
31645
31651
31654
31664
31666
31671
31675
31675
31677
31679
31682
31691
31692
31694
31697
31702
31705
31715
31724
31739
31740
31746
31750
31750
31751
31755
31756
31757
31765
31766
31768
31770
31773
31777
31788
31794
31801
31818
31818
31822
31825
31825
31847
31856
31859
31859
31867
31880
31885
31890
31892
31909
31913
31914
31915
31920
31921
31923
31927
31928
31929
31935
31946
31946
31948
31952
31957
31970
31972
31976
31987
31992
31993
31999
31999
32011
32018
32022
32043
32046
32055
32063
32064
32075
32085
32089
32092
32095
32111
32115
32124
32134
32136
32137
32160
32165
32166
32169
32169
32174
32187
32196
32201
32206
32215
32219
32223
32227
32233
32237
32240
32241
32245
32255
32257
32257
32265
32274
32281
32293
32295
32299
32299
32306
32307
32309
32311
32334
32337
32347
32349
32353
32353
32354
32385
32392
32394
32403
32415
32425
32426
32428
32428
32436
32437
32441
32445
32448
32448
32451
32453
32457
32458
32464
32469
32479
32480
32480
32483
32485
32485
32493
32496
32496
32499
32506
32515
32516
32534
32552
32552
32555
32556
32557
32558
32558
32560
32575
32580
32585
32591
32606
32609
32613
32616
32618
32619
32630
32635
32638
32639
32642
32649
32658
32659
32665
32671
32676
32682
32688
32689
32693
32702
32704
32704
32711
32711
32715
32724
32728
32730
32730
32731
32732
32741
32742
32742
32743
32745
32751
32754
32763
32767
32767
32768
32769
32780
32784
32789
32791
32796
32805
32812
32813
32820
32834
32835
32847
32851
32857
32877
32877
32879
32886
32895
32913
32917
32928
32938
32943
32949
32952
32955
32964
32968
32973
32975
32976
32980
32984
32990
33010
33012
33026
33031
33037
33037
33043
33048
33049
33051
33053
33055
33059
33059
33061
33065
33069
33070
33071
33072
33073
33083
33086
33090
33097
33099
33102
33112
33112
33114
33115
33122
33130
33132
33140
33147
33151
33156
33161
33162
33165
33166
33167
33168
33168
33168
33169
33173
33179
33179
33185
33189
33194
33198
33202
33202
33207
33209
33214
33230
33244
33246
33247
33247
33250
33252
33256
33258
33263
33266
33270
33295
33295
33310
33313
33316
33317
33319
33319
33319
33324
33325
33325
33326
33327
33329
33336
33336
33337
33343
33358
33368
33368
33369
33373
33377
33378
33378
33387
33391
33404
33405
33413
33414
33416
33418
33425
33428
33432
33437
33443
33448
33449
33453
33453
33454
33457
33470
33473
33477
33479
33479
33492
33506
33515
33532
33537
33539
33551
33552
33560
33562
33562
33571
33574
33576
33578
33583
33584
33596
33599
33601
33606
33611
33613
33616
33619
33620
33622
33622
33630
33637
33644
33648
33648
33649
33656
33663
33664
33667
33674
33677
33678
33690
33691
33696
33699
33703
33705
33706
33716
33717
33728
33732
33737
33748
33750
33755
33757
33759
33761
33764
33765
33782
33791
33806
33806
33808
33809
33809
33813
33820
33826
33844
33845
33853
33857
33859
33867
33871
33876
33879
33880
33894
33908
33918
33922
33923
33927
33927
33928
33936
33940
33943
33945
33948
33953
33968
33979
33989
33990
33993
33993
33994
34001
34006
34007
34013
34023
34030
34036
34042
34053
34072
34075
34077
34085
34086
34087
34093
34099
34104
34110
34115
34133
34135
34136
34136
34139
34140
34157
34172
34172
34176
34176
34187
34188
34189
34191
34194
34198
34207
34209
34209
34223
34230
34236
34238
34241
34243
34246
34261
34263
34270
34275
34277
34283
34287
34312
34313
34314
34317
34318
34330
34331
34332
34339
34343
34343
34346
34353
34361
34362
34378
34378
34379
34390
34390
34391
34392
34401
34407
34417
34427
34427
34429
34436
34438
34446
34447
34449
34450
34453
34474
34476
34479
34497
34501
34502
34504
34509
34510
34531
34532
34537
34539
34548
34558
34559
34565
34573
34575
34578
34583
34594
34596
34598
34615
34622
34625
34630
34633
34636
34638
34645
34649
34650
34652
34652
34656
34656
34656
34663
34671
34671
34672
34680
34682
34693
34707
34710
34726
34727
34733
34745
34758
34760
34763
34763
34765
34767
34775
34776
34779
34780
34781
34784
34789
34792
34796
34800
34800
34804
34808
34809
34811
34815
34820
34820
34822
34825
34827
34837
34849
34850
34860
34864
34864
34866
34896
34902
34913
34920
34930
34932
34950
34952
34956
34963
34965
34965
34968
34974
34977
34988
34993
34999
35009
35012
35021
35033
35035
35036
35042
35044
35045
35048
35050
35055
35060
35069
35070
35074
35077
35077
35079
35084
35107
35108
35113
35115
35115
35133
35135
35137
35138
35149
35151
35152
35155
35176
35182
35185
35192
35197
35198
35222
35227
35227
35237
35240
35242
35245
35257
35261
35282
35289
35289
35290
35292
35295
35302
35311
35315
35315
35320
35321
35322
35326
35331
35335
35340
35356
35357
35357
35361
35361
35361
35376
35379
35388
35394
35394
35394
35395
35398
35402
35406
35406
35415
35418
35420
35429
35433
35438
35444
35445
35448
35451
35456
35457
35460
35469
35486
35488
35488
35490
35496
35503
35505
35524
35525
35536
35538
35542
35544
35549
35554
35557
35567
35574
35578
35579
35591
35592
35594
35601
35606
35607
35615
35624
35624
35625
35626
35626
35628
35635
35638
35640
35643
35648
35653
35658
35659
35662
35668
35672
35672
35673
35674
35674
35676
35690
35692
35696
35702
35707
35709
35710
35712
35713
35714
35714
35722
35731
35745
35746
35751
35757
35758
35762
35764
35768
35786
35786
35787
35795
35797
35806
35814
35818
35821
35822
35824
35844
35849
35855
35859
35864
35867
35871
35873
35876
35879
35880
35881
35882
35892
35893
35900
35910
35912
35920
35925
35927
35939
35952
35953
35954
35958
35960
35960
35965
35983
35983
35986
36001
36015
36042
36043
36044
36053
36053
36054
36059
36060
36064
36070
36073
36078
36085
36086
36091
36097
36110
36113
36115
36126
36151
36156
36162
36174
36176
36178
36197
36204
36205
36238
36238
36240
36245
36246
36247
36248
36250
36252
36252
36261
36268
36268
36274
36283
36284
36311
36320
36321
36321
36340
36346
36353
36353
36354
36356
36360
36364
36365
36370
36375
36381
36381
36391
36392
36396
36401
36402
36402
36405
36415
36417
36419
36426
36426
36428
36434
36434
36434
36437
36448
36448
36453
36460
36462
36474
36475
36487
36489
36492
36496
36526
36542
36542
36559
36561
36569
36569
36572
36575
36606
36609
36621
36628
36633
36640
36641
36647
36647
36650
36651
36652
36661
36662
36663
36666
36666
36670
36675
36677
36679
36680
36693
36694
36695
36698
36703
36705
36707
36708
36712
36713
36713
36714
36714
36720
36720
36722
36723
36728
36734
36739
36746
36746
36751
36754
36758
36760
36764
36771
36773
36774
36783
36784
36800
36802
36803
36804
36807
36807
36816
36824
36825
36838
36841
36841
36844
36847
36849
36857
36867
36868
36884
36884
36892
36897
36900
36902
36902
36904
36911
36919
36919
36920
36920
36921
36925
36927
36930
36935
36943
36950
36959
36964
36969
36976
36977
36980
36983
36985
36988
36997
37006
37006
37014
37021
37022
37029
37030
37034
37038
37040
37042
37042
37044
37049
37050
37052
37053
37058
37059
37062
37062
37064
37067
37067
37076
37078
37079
37081
37082
37085
37085
37088
37096
37097
37099
37100
37104
37123
37125
37128
37131
37133
37137
37138
37149
37153
37159
37175
37176
37180
37185
37186
37188
37193
37197
37210
37211
37221
37221
37231
37232
37261
37270
37270
37272
37273
37283
37294
37295
37296
37306
37309
37315
37325
37333
37339
37339
37340
37352
37358
37365
37367
37375
37390
37395
37396
37407
37424
37432
37435
37443
37444
37449
37453
37465
37467
37469
37472
37475
37481
37483
37487
37498
37502
37512
37514
37518
37518
37519
37519
37530
37534
37538
37540
37545
37562
37600
37603
37603
37605
37617
37618
37630
37637
37638
37647
37665
37677
37677
37682
37687
37687
37688
37706
37707
37708
37710
37710
37719
37720
37721
37722
37722
37724
37727
37728
37734
37747
37750
37751
37757
37765
37767
37773
37782
37788
37789
37791
37792
37796
37803
37808
37809
37821
37831
37835
37836
37845
37855
37856
37856
37860
37861
37867
37870
37874
37883
37885
37888
37890
37895
37899
37904
37909
37911
37912
37925
37928
37928
37934
37938
37947
37952
37967
37970
37976
37977
38002
38003
38005
38009
38009
38012
38034
38034
38036
38037
38041
38047
38047
38058
38064
38070
38072
38074
38087
38090
38093
38096
38119
38121
38124
38126
38129
38131
38137
38142
38144
38147
38150
38151
38154
38154
38155
38159
38159
38173
38185
38187
38195
38199
38201
38202
38203
38205
38210
38212
38219
38220
38237
38258
38267
38269
38270
38271
38275
38276
38287
38288
38296
38308
38311
38316
38319
38320
38321
38326
38331
38334
38337
38340
38342
38349
38354
38354
38366
38376
38379
38379
38382
38387
38390
38397
38414
38418
38432
38436
38440
38441
38443
38450
38453
38456
38463
38464
38465
38470
38472
38492
38493
38493
38497
38500
38505
38511
38512
38524
38526
38527
38532
38536
38554
38556
38561
38564
38571
38574
38593
38615
38622
38624
38638
38655
38658
38660
38665
38666
38670
38670
38674
38676
38677
38684
38695
38695
38699
38699
38700
38709
38713
38718
38727
38729
38733
38735
38737
38740
38744
38748
38761
38765
38766
38769
38773
38777
38778
38781
38804
38829
38847
38848
38851
38853
38856
38858
38868
38873
38879
38881
38885
38904
38908
38910
38919
38923
38925
38935
38936
38949
38956
38959
38964
38967
38969
38970
38971
38978
38979
38983
38983
38988
38990
38991
38996
38998
39007
39009
39012
39012
39014
39016
39018
39019
39019
39052
39054
39056
39058
39060
39061
39072
39075
39079
39080
39083
39102
39103
39106
39111
39112
39113
39123
39125
39126
39130
39135
39136
39148
39152
39159
39162
39165
39170
39177
39177
39179
39184
39186
39192
39192
39198
39198
39201
39211
39212
39215
39222
39240
39243
39246
39249
39252
39260
39260
39261
39270
39272
39273
39275
39283
39284
39299
39306
39307
39309
39310
39317
39318
39325
39326
39326
39344
39355
39359
39365
39368
39374
39376
39381
39381
39384
39388
39389
39391
39391
39398
39398
39404
39427
39428
39434
39438
39441
39444
39447
39460
39460
39463
39472
39473
39483
39489
39492
39492
39494
39498
39503
39507
39509
39512
39516
39519
39533
39533
39533
39538
39541
39555
39556
39557
39559
39560
39563
39563
39574
39576
39583
39602
39602
39604
39606
39608
39612
39613
39618
39623
39627
39632
39637
39642
39645
39656
39659
39686
39690
39698
39700
39703
39703
39710
39727
39730
39733
39735
39739
39749
39750
39755
39755
39763
39769
39797
39800
39808
39811
39812
39817
39839
39844
39848
39851
39852
39859
39885
39890
39891
39892
39896
39900
39905
39905
39908
39913
39915
39916
39917
39921
39922
39924
39925
39931
39935
39942
39946
39948
39952
39954
39963
39967
39969
39973
39988
39989
39991
40000
40003
40016
40017
40025
40034
40044
40044
40063
40064
40069
40072
40079
40081
40095
40096
40107
40107
40115
40116
40118
40130
40140
40150
40157
40161
40164
40164
40172
40173
40174
40184
40186
40187
40192
40196
40205
40217
40220
40230
40234
40239
40246
40250
40256
40262
40263
40264
40265
40267
40288
40292
40295
40297
40300
40308
40309
40317
40322
40329
40330
40338
40342
40348
40348
40349
40353
40362
40363
40363
40369
40369
40371
40375
40381
40384
40385
40390
40390
40392
40393
40395
40399
40409
40412
40430
40431
40431
40434
40448
40450
40459
40459
40460
40460
40478
40482
40482
40484
40487
40488
40498
40503
40508
40515
40527
40532
40538
40538
40547
40548
40551
40560
40566
40567
40567
40568
40570
40577
40606
40615
40619
40622
40627
40629
40630
40635
40637
40640
40641
40641
40644
40648
40651
40652
40658
40662
40663
40668
40672
40674
40682
40684
40688
40690
40692
40693
40695
40695
40698
40706
40706
40719
40740
40745
40751
40753
40755
40765
40771
40774
40778
40781
40784
40787
40804
40805
40808
40811
40813
40815
40817
40818
40822
40822
40838
40842
40847
40851
40858
40862
40864
40867
40881
40885
40886
40886
40887
40889
40897
40897
40903
40903
40912
40914
40921
40923
40930
40930
40933
40937
40937
40950
40957
40968
40968
40973
40981
40991
41014
41021
41035
41067
41071
41074
41081
41084
41085
41088
41088
41089
41096
41098
41108
41111
41113
41115
41116
41121
41122
41126
41138
41145
41153
41157
41165
41170
41173
41173
41173
41178
41183
41189
41190
41192
41194
41201
41206
41223
41226
41229
41232
41238
41239
41241
41244
41247
41255
41256
41262
41265
41272
41275
41281
41298
41302
41305
41309
41310
41311
41321
41338
41343
41359
41371
41371
41375
41377
41389
41394
41397
41401
41402
41406
41409
41411
41430
41436
41437
41437
41437
41443
41460
41472
41476
41479
41487
41492
41495
41498
41500
41503
41513
41517
41526
41527
41529
41531
41535
41539
41544
41550
41556
41572
41572
41574
41576
41584
41586
41600
41601
41603
41605
41613
41615
41623
41634
41640
41644
41648
41648
41652
41653
41667
41676
41680
41680
41682
41685
41688
41690
41692
41706
41706
41710
41712
41714
41723
41738
41745
41749
41752
41753
41785
41794
41803
41808
41811
41811
41812
41813
41826
41827
41827
41829
41830
41831
41847
41862
41865
41866
41867
41868
41868
41869
41869
41882
41884
41885
41891
41901
41909
41910
41911
41914
41921
41948
41956
41964
41968
41969
41974
41982
41999
42002
42004
42005
42014
42021
42024
42025
42026
42026
42029
42030
42033
42033
42037
42038
42039
42047
42050
42061
42062
42076
42078
42081
42090
42100
42100
42108
42139
42152
42154
42156
42166
42166
42173
42178
42179
42190
42191
42201
42202
42211
42215
42222
42223
42224
42224
42230
42232
42239
42243
42251
42255
42260
42268
42287
42290
42291
42291
42293
42296
42297
42303
42306
42323
42327
42331
42333
42346
42352
42352
42389
42391
42395
42400
42406
42413
42422
42431
42431
42443
42447
42456
42473
42473
42477
42481
42482
42488
42492
42499
42506
42511
42516
42518
42522
42528
42541
42546
42549
42551
42553
42554
42559
42566
42573
42574
42576
42576
42578
42582
42595
42598
42602
42603
42605
42605
42605
42614
42620
42625
42626
42627
42652
42663
42667
42671
42673
42680
42694
42695
42701
42711
42713
42716
42724
42726
42733
42735
42738
42744
42745
42755
42757
42763
42767
42771
42784
42789
42795
42796
42800
42803
42804
42809
42810
42812
42816
42818
42822
42837
42840
42855
42858
42859
42880
42883
42895
42895
42907
42910
42919
42923
42925
42930
42935
42939
42951
42957
42958
42958
42963
42964
42968
42984
42984
42985
43004
43007
43008
43014
43018
43021
43032
43032
43044
43047
43055
43061
43064
43068
43069
43079
43085
43088
43094
43098
43104
43106
43108
43109
43113
43120
43125
43131
43136
43144
43155
43159
43161
43162
43174
43174
43179
43186
43192
43202
43221
43222
43230
43234
43235
43236
43241
43249
43261
43262
43264
43264
43270
43272
43282
43286
43289
43290
43311
43311
43317
43327
43346
43351
43360
43364
43365
43387
43388
43404
43406
43408
43412
43413
43418
43420
43427
43432
43435
43448
43456
43457
43458
43462
43465
43473
43473
43478
43481
43481
43481
43486
43488
43488
43490
43491
43499
43512
43514
43530
43544
43544
43545
43555
43558
43562
43577
43578
43582
43609
43612
43631
43632
43640
43645
43655
43656
43661
43664
43666
43673
43687
43689
43692
43699
43700
43710
43711
43713
43714
43715
43718
43733
43734
43739
43751
43765
43780
43794
43795
43803
43814
43838
43841
43841
43843
43846
43849
43858
43861
43861
43864
43869
43872
43874
43890
43894
43899
43912
43916
43918
43932
43934
43939
43944
43944
43944
43957
43959
43971
43974
43976
43978
43980
43980
43982
43996
43998
44000
44002
44005
44021
44023
44038
44046
44047
44054
44058
44070
44078
44084
44084
44084
44085
44086
44094
44098
44105
44111
44112
44136
44136
44142
44148
44151
44152
44155
44158
44168
44203
44204
44205
44209
44214
44227
44232
44233
44242
44251
44259
44260
44270
44273
44273
44283
44292
44293
44297
44300
44301
44301
44302
44303
44319
44320
44325
44327
44330
44338
44339
44349
44351
44361
44371
44381
44381
44383
44386
44386
44392
44394
44397
44398
44400
44402
44406
44410
44416
44425
44431
44436
44439
44465
44465
44467
44474
44486
44489
44499
44509
44515
44523
44525
44525
44528
44529
44534
44547
44548
44557
44558
44559
44561
44561
44571
44574
44575
44581
44598
44606
44609
44610
44610
44611
44617
44621
44626
44628
44637
44640
44652
44656
44658
44660
44662
44663
44665
44665
44666
44667
44670
44670
44685
44688
44689
44710
44712
44717
44719
44722
44728
44735
44738
44739
44740
44743
44746
44749
44753
44760
44762
44788
44796
44798
44801
44809
44809
44810
44814
44815
44818
44819
44838
44840
44850
44850
44852
44867
44882
44889
44907
44909
44912
44916
44917
44922
44924
44929
44940
44946
44946
44949
44951
44957
44959
44971
44971
44974
44975
45012
45017
45029
45041
45050
45061
45072
45074
45079
45084
45088
45089
45092
45098
45098
45099
45100
45104
45104
45107
45123
45126
45133
45136
45138
45140
45140
45143
45146
45146
45149
45156
45157
45168
45169
45172
45180
45187
45194
45199
45206
45214
45228
45230
45232
45233
45233
45238
45246
45254
45255
45264
45269
45271
45276
45301
45325
45326
45332
45335
45340
45343
45346
45351
45356
45362
45367
45370
45382
45389
45392
45394
45395
45398
45414
45439
45439
45447
45451
45462
45469
45471
45472
45474
45483
45483
45484
45485
45485
45488
45491
45500
45503
45509
45514
45515
45527
45533
45542
45548
45550
45555
45559
45561
45572
45573
45573
45577
45578
45588
45589
45593
45597
45604
45611
45612
45617
45619
45632
45633
45636
45653
45658
45666
45669
45672
45677
45678
45678
45685
45687
45693
45699
45701
45702
45702
45702
45707
45708
45714
45720
45721
45722
45723
45725
45726
45727
45731
45744
45748
45748
45751
45752
45760
45762
45766
45766
45767
45773
45787
45801
45806
45811
45814
45820
45825
45828
45831
45838
45840
45863
45864
45866
45874
45892
45897
45897
45899
45909
45915
45918
45921
45922
45922
45929
45941
45944
45948
45950
45954
45955
45959
45969
45970
45987
45993
46001
46003
46011
46019
46026
46029
46032
46034
46034
46046
46050
46052
46053
46053
46067
46079
46084
46085
46087
46089
46091
46092
46103
46114
46115
46120
46141
46142
46146
46151
46156
46158
46180
46183
46187
46188
46191
46191
46193
46198
46201
46202
46206
46209
46212
46216
46222
46227
46229
46232
46236
46245
46247
46248
46260
46272
46273
46277
46278
46282
46288
46291
46297
46299
46301
46303
46308
46309
46320
46321
46326
46332
46335
46352
46354
46354
46365
46368
46376
46377
46381
46384
46389
46390
46391
46393
46396
46399
46402
46405
46412
46412
46424
46440
46446
46448
46449
46450
46464
46466
46466
46470
46483
46485
46490
46490
46493
46500
46510
46513
46519
46522
46532
46533
46541
46541
46541
46543
46551
46556
46556
46556
46563
46564
46564
46567
46574
46579
46589
46598
46603
46613
46622
46627
46638
46659
46660
46671
46671
46680
46689
46693
46700
46714
46714
46719
46731
46733
46734
46735
46737
46743
46744
46746
46749
46753
46754
46757
46762
46767
46769
46775
46778
46788
46790
46791
46795
46804
46806
46812
46814
46829
46832
46834
46836
46847
46852
46852
46858
46859
46865
46877
46879
46883
46884
46890
46899
46899
46912
46912
46921
46924
46925
46928
46933
46943
46950
46950
46954
46957
46958
46962
46967
46972
46973
46979
46980
46983
46990
46992
47002
47005
47006
47011
47011
47019
47021
47031
47037
47038
47039
47041
47042
47055
47055
47064
47065
47068
47070
47083
47092
47104
47113
47113
47119
47135
47151
47157
47167
47172
47183
47185
47188
47193
47203
47204
47209
47213
47214
47216
47222
47229
47232
47237
47241
47258
47258
47264
47267
47274
47279
47292
47301
47304
47306
47306
47317
47320
47339
47340
47341
47350
47361
47375
47378
47380
47387
47395
47396
47398
47412
47414
47421
47439
47448
47458
47461
47462
47467
47484
47486
47486
47489
47498
47499
47502
47507
47509
47512
47516
47519
47519
47523
47528
47528
47536
47538
47540
47545
47549
47550
47551
47552
47552
47556
47557
47559
47561
47562
47562
47567
47577
47582
47598
47606
47611
47616
47618
47618
47622
47630
47640
47645
47662
47663
47674
47678
47679
47682
47682
47695
47696
47708
47710
47714
47718
47720
47729
47730
47741
47746
47749
47754
47755
47755
47757
47759
47763
47769
47772
47773
47777
47786
47787
47792
47792
47799
47804
47808
47809
47810
47823
47828
47834
47836
47842
47848
47849
47856
47871
47872
47874
47877
47878
47879
47881
47883
47885
47894
47894
47905
47906
47914
47917
47921
47928
47944
47944
47956
47956
47957
47964
47967
47970
47970
47971
47979
47985
47990
47995
47999
47999
48003
48004
48007
48010
48027
48031
48033
48035
48039
48041
48042
48044
48045
48046
48053
48054
48061
48061
48063
48070
48078
48079
48085
48092
48094
48094
48095
48099
48106
48106
48109
48111
48123
48131
48132
48143
48147
48153
48159
48161
48166
48175
48180
48210
48231
48235
48242
48248
48248
48249
48251
48262
48266
48270
48273
48274
48280
48281
48286
48289
48310
48318
48318
48336
48341
48347
48356
48358
48363
48365
48367
48367
48376
48380
48390
48391
48395
48400
48403
48405
48416
48421
48421
48433
48440
48462
48462
48472
48474
48474
48474
48476
48488
48492
48495
48506
48508
48510
48544
48547
48554
48555
48555
48560
48562
48578
48581
48583
48587
48605
48606
48608
48609
48609
48612
48621
48625
48627
48639
48639
48652
48654
48657
48671
48672
48675
48678
48680
48680
48694
48696
48710
48711
48714
48716
48716
48716
48726
48729
48734
48735
48735
48738
48741
48742
48742
48743
48744
48744
48755
48765
48766
48768
48770
48772
48790
48796
48797
48798
48804
48807
48809
48809
48836
48836
48843
48852
48862
48863
48869
48889
48892
48893
48895
48908
48913
48918
48924
48931
48934
48938
48944
48946
48946
48948
48950
48958
48959
48967
48970
48971
48972
48983
48983
48985
48986
48997
48999
49002
49003
49004
49008
49015
49021
49021
49022
49023
49024
49025
49033
49033
49037
49042
49044
49046
49046
49049
49049
49053
49054
49059
49062
49074
49074
49086
49092
49100
49116
49118
49126
49129
49129
49132
49137
49138
49143
49146
49151
49159
49160
49160
49162
49165
49172
49173
49181
49192
49192
49194
49197
49200
49215
49219
49224
49235
49237
49247
49261
49268
49269
49269
49270
49272
49273
49274
49285
49289
49290
49313
49314
49317
49321
49324
49344
49344
49348
49350
49355
49359
49363
49364
49365
49365
49368
49370
49371
49375
49381
49397
49402
49403
49405
49413
49423
49423
49424
49435
49452
49455
49459
49474
49486
49497
49497
49506
49507
49508
49508
49516
49524
49539
49540
49558
49564
49565
49565
49566
49567
49572
49577
49580
49580
49590
49594
49597
49602
49603
49610
49614
49621
49621
49626
49638
49640
49641
49645
49645
49646
49670
49686
49689
49690
49696
49703
49704
49718
49719
49721
49721
49727
49732
49736
49745
49748
49758
49761
49766
49770
49773
49774
49788
49802
49804
49805
49807
49812
49820
49820
49827
49839
49840
49849
49871
49871
49874
49886
49895
49897
49899
49902
49913
49919
49923
49924
49928
49933
49954
49956
49957
49968
49979
49980
49982
49985
49988
50000
CPU Time : 1.1616168022155762
Output Time : 2023-04-20 23:28:44.619267+08:00